
[[[[1, 7], [1, 5], [1, 4], [1, 3], [1, 2]], 743],
 [[[1, 8], [1, 5], [1, 4], [1, 3], [1, 2]], 942],
 [[[1, 8], [1, 7], [1, 5], [1, 4], [1, 3]], 212],
 [[[1, 8], [1, 7], [1, 6], [1, 3], [1, 2]], 273],
 [[[1, 8], [1, 7], [1, 6], [1, 4], [1, 2]], 147],
 [[[1, 9], [1, 7], [1, 4], [1, 3], [1, 2]], 262],
 [[[1, 9], [1, 7], [1, 5], [1, 4], [1, 3]], 241],
 [[[1, 9], [1, 7], [1, 6], [1, 5], [1, 2]], 415],
 [[[1, 9], [1, 8], [1, 7], [1, 3], [1, 2]], 796],
 [[[1, 9], [1, 8], [1, 7], [1, 5], [1, 3]], 89],
 [[[1, 10], [1, 7], [1, 6], [1, 4], [1, 2]], 315],
 [[[1, 10], [1, 8], [1, 5], [1, 3], [1, 2]], 159],
 [[[1, 10], [1, 8], [1, 5], [1, 4], [1, 2]], 362],
 [[[1, 10], [1, 8], [1, 6], [1, 4], [1, 3]], 279],
 [[[1, 10], [1, 8], [1, 7], [1, 5], [1, 2]], 995],
 [[[1, 10], [1, 8], [1, 7], [1, 6], [1, 5]], 849],
 [[[1, 10], [1, 9], [1, 6], [1, 5], [1, 3]], 742],
 [[[1, 10], [1, 9], [1, 8], [1, 3], [1, 2]], 475],
 [[[1, 10], [1, 9], [1, 8], [1, 6], [1, 2]], 738],
 [[[1, 10], [1, 9], [1, 8], [1, 7], [1, 5]], 906],
 [[[1, 11], [1, 7], [1, 6], [1, 4], [1, 3]], 872],
 [[[1, 11], [1, 7], [1, 6], [1, 5], [1, 2]], 389],
 [[[1, 11], [1, 8], [1, 7], [1, 6], [1, 2]], 309],
 [[[1, 11], [1, 8], [1, 7], [1, 6], [1, 3]], 375],
 [[[1, 11], [1, 9], [1, 7], [1, 4], [1, 2]], 966],
 [[[1, 11], [1, 9], [1, 7], [1, 4], [1, 3]], 781],
 [[[1, 11], [1, 9], [1, 8], [1, 6], [1, 2]], 846],
 [[[1, 11], [1, 9], [1, 8], [1, 6], [1, 5]], 254],
 [[[1, 11], [1, 10], [1, 5], [1, 4], [1, 2]], 776],
 [[[1, 11], [1, 10], [1, 6], [1, 3], [1, 2]], 948],
 [[[1, 11], [1, 10], [1, 6], [1, 5], [1, 4]], 33],
 [[[1, 11], [1, 10], [1, 7], [1, 4], [1, 3]], 870],
 [[[1, 11], [1, 10], [1, 7], [1, 5], [1, 3]], 701],
 [[[1, 11], [1, 10], [1, 8], [1, 7], [1, 5]], 161],
 [[[1, 11], [1, 10], [1, 9], [1, 4], [1, 2]], 834],
 [[[1, 12], [1, 8], [1, 4], [1, 3], [1, 2]], 127],
 [[[1, 12], [1, 8], [1, 6], [1, 4], [1, 3]], 287],
 [[[1, 12], [1, 8], [1, 7], [1, 6], [1, 3]], 593],
 [[[1, 12], [1, 9], [1, 4], [1, 3], [1, 2]], 934],
 [[[1, 12], [1, 9], [1, 6], [1, 5], [1, 3]], 932],
 [[[1, 12], [1, 9], [1, 7], [1, 5], [1, 2]], 37],
 [[[1, 12], [1, 9], [1, 7], [1, 6], [1, 2]], 463],
 [[[1, 12], [1, 9], [1, 7], [1, 6], [1, 4]], 941],
 [[[1, 12], [1, 9], [1, 8], [1, 6], [1, 5]], 432],
 [[[1, 12], [1, 9], [1, 8], [1, 7], [1, 4]], 366],
 [[[1, 12], [1, 10], [1, 6], [1, 5], [1, 4]], 107],
 [[[1, 12], [1, 10], [1, 7], [1, 5], [1, 2]], 307],
 [[[1, 12], [1, 10], [1, 8], [1, 6], [1, 3]], 310],
 [[[1, 12], [1, 10], [1, 8], [1, 6], [1, 4]], 126],
 [[[1, 12], [1, 10], [1, 8], [1, 7], [1, 5]], 446],
 [[[1, 12], [1, 10], [1, 8], [1, 7], [1, 6]], 746],
 [[[1, 12], [1, 10], [1, 9], [1, 3], [1, 2]], 899],
 [[[1, 12], [1, 10], [1, 9], [1, 5], [1, 3]], 211],
 [[[1, 12], [1, 10], [1, 9], [1, 7], [1, 4]], 740],
 [[[1, 12], [1, 10], [1, 9], [1, 8], [1, 7]], 887],
 [[[1, 12], [1, 11], [1, 7], [1, 4], [1, 3]], 617],
 [[[1, 12], [1, 11], [1, 7], [1, 6], [1, 3]], 427],
 [[[1, 12], [1, 11], [1, 8], [1, 4], [1, 3]], 239],
 [[[1, 12], [1, 11], [1, 8], [1, 6], [1, 3]], 851],
 [[[1, 12], [1, 11], [1, 9], [1, 4], [1, 2]], 217],
 [[[1, 12], [1, 11], [1, 9], [1, 4], [1, 3]], 192],
 [[[1, 12], [1, 11], [1, 9], [1, 8], [1, 4]], 160],
 [[[1, 12], [1, 11], [1, 10], [1, 3], [1, 2]], 245],
 [[[1, 12], [1, 11], [1, 10], [1, 5], [1, 2]], 759],
 [[[1, 12], [1, 11], [1, 10], [1, 5], [1, 4]], 94],
 [[[1, 12], [1, 11], [1, 10], [1, 7], [1, 4]], 917],
 [[[1, 12], [1, 11], [1, 10], [1, 8], [1, 4]], 410],
 [[[1, 12], [1, 11], [1, 10], [1, 9], [1, 2]], 755],
 [[[1, 13], [1, 5], [1, 4], [1, 3], [1, 2]], 229],
 [[[1, 13], [1, 7], [1, 6], [1, 5], [1, 3]], 502],
 [[[1, 13], [1, 8], [1, 4], [1, 3], [1, 2]], 690],
 [[[1, 13], [1, 9], [1, 6], [1, 4], [1, 3]], 436],
 [[[1, 13], [1, 9], [1, 6], [1, 5], [1, 2]], 66],
 [[[1, 13], [1, 9], [1, 7], [1, 4], [1, 3]], 774],
 [[[1, 13], [1, 9], [1, 7], [1, 6], [1, 2]], 569],
 [[[1, 13], [1, 9], [1, 7], [1, 6], [1, 5]], 55],
 [[[1, 13], [1, 9], [1, 8], [1, 7], [1, 6]], 963],
 [[[1, 13], [1, 10], [1, 6], [1, 5], [1, 3]], 189],
 [[[1, 13], [1, 10], [1, 7], [1, 5], [1, 4]], 633],
 [[[1, 13], [1, 10], [1, 7], [1, 6], [1, 2]], 146],
 [[[1, 13], [1, 10], [1, 7], [1, 6], [1, 4]], 50],
 [[[1, 13], [1, 10], [1, 7], [1, 6], [1, 5]], 194],
 [[[1, 13], [1, 10], [1, 8], [1, 6], [1, 3]], 507],
 [[[1, 13], [1, 10], [1, 8], [1, 6], [1, 5]], 831],
 [[[1, 13], [1, 10], [1, 8], [1, 7], [1, 6]], 521],
 [[[1, 13], [1, 10], [1, 9], [1, 5], [1, 3]], 789],
 [[[1, 13], [1, 10], [1, 9], [1, 7], [1, 2]], 907],
 [[[1, 13], [1, 10], [1, 9], [1, 7], [1, 3]], 791],
 [[[1, 13], [1, 10], [1, 9], [1, 8], [1, 4]], 601],
 [[[1, 13], [1, 10], [1, 9], [1, 8], [1, 6]], 732],
 [[[1, 13], [1, 11], [1, 5], [1, 4], [1, 2]], 761],
 [[[1, 13], [1, 11], [1, 5], [1, 4], [1, 3]], 721],
 [[[1, 13], [1, 11], [1, 7], [1, 4], [1, 2]], 590],
 [[[1, 13], [1, 11], [1, 8], [1, 3], [1, 2]], 411],
 [[[1, 13], [1, 11], [1, 8], [1, 7], [1, 3]], 145],
 [[[1, 13], [1, 11], [1, 9], [1, 7], [1, 3]], 517],
 [[[1, 13], [1, 11], [1, 9], [1, 7], [1, 4]], 297],
 [[[1, 13], [1, 11], [1, 9], [1, 8], [1, 4]], 111],
 [[[1, 13], [1, 11], [1, 10], [1, 4], [1, 3]], 968],
 [[[1, 13], [1, 11], [1, 10], [1, 6], [1, 3]], 947],
 [[[1, 13], [1, 11], [1, 10], [1, 6], [1, 4]], 409],
 [[[1, 13], [1, 11], [1, 10], [1, 8], [1, 6]], 224],
 [[[1, 13], [1, 11], [1, 10], [1, 9], [1, 4]], 363],
 [[[1, 13], [1, 11], [1, 10], [1, 9], [1, 8]], 49],
 [[[1, 13], [1, 12], [1, 6], [1, 4], [1, 2]], 267],
 [[[1, 13], [1, 12], [1, 7], [1, 3], [1, 2]], 680],
 [[[1, 13], [1, 12], [1, 7], [1, 6], [1, 2]], 687],
 [[[1, 13], [1, 12], [1, 8], [1, 3], [1, 2]], 712],
 [[[1, 13], [1, 12], [1, 8], [1, 6], [1, 3]], 753],
 [[[1, 13], [1, 12], [1, 8], [1, 7], [1, 3]], 404],
 [[[1, 13], [1, 12], [1, 9], [1, 6], [1, 3]], 345],
 [[[1, 13], [1, 12], [1, 9], [1, 7], [1, 4]], 876],
 [[[1, 13], [1, 12], [1, 9], [1, 8], [1, 7]], 183],
 [[[1, 13], [1, 12], [1, 10], [1, 5], [1, 4]], 643],
 [[[1, 13], [1, 12], [1, 10], [1, 9], [1, 4]], 857],
 [[[1, 13], [1, 12], [1, 11], [1, 5], [1, 2]], 459],
 [[[1, 13], [1, 12], [1, 11], [1, 6], [1, 2]], 641],
 [[[1, 14], [1, 6], [1, 5], [1, 4], [1, 3]], 193],
 [[[1, 14], [1, 7], [1, 6], [1, 5], [1, 4]], 960],
 [[[1, 14], [1, 8], [1, 5], [1, 4], [1, 2]], 423],
 [[[1, 14], [1, 8], [1, 6], [1, 5], [1, 2]], 855],
 [[[1, 14], [1, 8], [1, 6], [1, 5], [1, 3]], 178],
 [[[1, 14], [1, 8], [1, 7], [1, 3], [1, 2]], 251],
 [[[1, 14], [1, 9], [1, 4], [1, 3], [1, 2]], 91],
 [[[1, 14], [1, 9], [1, 7], [1, 5], [1, 4]], 497],
 [[[1, 14], [1, 9], [1, 8], [1, 3], [1, 2]], 708],
 [[[1, 14], [1, 9], [1, 8], [1, 4], [1, 2]], 562],
 [[[1, 14], [1, 9], [1, 8], [1, 5], [1, 3]], 589],
 [[[1, 14], [1, 9], [1, 8], [1, 7], [1, 4]], 501],
 [[[1, 14], [1, 10], [1, 4], [1, 3], [1, 2]], 259],
 [[[1, 14], [1, 10], [1, 5], [1, 4], [1, 2]], 338],
 [[[1, 14], [1, 10], [1, 7], [1, 4], [1, 2]], 793],
 [[[1, 14], [1, 10], [1, 7], [1, 6], [1, 3]], 902],
 [[[1, 14], [1, 10], [1, 9], [1, 3], [1, 2]], 669],
 [[[1, 14], [1, 10], [1, 9], [1, 4], [1, 2]], 609],
 [[[1, 14], [1, 10], [1, 9], [1, 6], [1, 3]], 821],
 [[[1, 14], [1, 10], [1, 9], [1, 7], [1, 4]], 662],
 [[[1, 14], [1, 10], [1, 9], [1, 7], [1, 5]], 622],
 [[[1, 14], [1, 10], [1, 9], [1, 8], [1, 5]], 499],
 [[[1, 14], [1, 10], [1, 9], [1, 8], [1, 6]], 987],
 [[[1, 14], [1, 10], [1, 9], [1, 8], [1, 7]], 496],
 [[[1, 14], [1, 11], [1, 4], [1, 3], [1, 2]], 430],
 [[[1, 14], [1, 11], [1, 5], [1, 4], [1, 3]], 164],
 [[[1, 14], [1, 11], [1, 6], [1, 4], [1, 2]], 488],
 [[[1, 14], [1, 11], [1, 7], [1, 5], [1, 2]], 833],
 [[[1, 14], [1, 11], [1, 7], [1, 5], [1, 4]], 938],
 [[[1, 14], [1, 11], [1, 9], [1, 5], [1, 4]], 658],
 [[[1, 14], [1, 11], [1, 9], [1, 6], [1, 5]], 883],
 [[[1, 14], [1, 12], [1, 6], [1, 5], [1, 4]], 800],
 [[[1, 14], [1, 12], [1, 7], [1, 6], [1, 2]], 653],
 [[[1, 14], [1, 12], [1, 8], [1, 3], [1, 2]], 659],
 [[[1, 14], [1, 12], [1, 8], [1, 6], [1, 5]], 503],
 [[[1, 14], [1, 12], [1, 9], [1, 5], [1, 3]], 842],
 [[[1, 14], [1, 12], [1, 10], [1, 5], [1, 4]], 957],
 [[[1, 14], [1, 12], [1, 10], [1, 8], [1, 2]], 231],
 [[[1, 14], [1, 12], [1, 10], [1, 8], [1, 3]], 30],
 [[[1, 14], [1, 12], [1, 10], [1, 9], [1, 3]], 172],
 [[[1, 14], [1, 12], [1, 11], [1, 5], [1, 4]], 810],
 [[[1, 14], [1, 12], [1, 11], [1, 6], [1, 3]], 61],
 [[[1, 14], [1, 12], [1, 11], [1, 7], [1, 5]], 787],
 [[[1, 14], [1, 12], [1, 11], [1, 7], [1, 6]], 205],
 [[[1, 14], [1, 12], [1, 11], [1, 8], [1, 4]], 88],
 [[[1, 14], [1, 13], [1, 6], [1, 4], [1, 2]], 64],
 [[[1, 14], [1, 13], [1, 8], [1, 4], [1, 2]], 407],
 [[[1, 14], [1, 13], [1, 8], [1, 6], [1, 4]], 316],
 [[[1, 14], [1, 13], [1, 8], [1, 6], [1, 5]], 470],
 [[[1, 14], [1, 13], [1, 9], [1, 4], [1, 2]], 771],
 [[[1, 14], [1, 13], [1, 9], [1, 4], [1, 3]], 969],
 [[[1, 14], [1, 13], [1, 9], [1, 5], [1, 2]], 330],
 [[[1, 14], [1, 13], [1, 9], [1, 6], [1, 2]], 270],
 [[[1, 14], [1, 13], [1, 9], [1, 7], [1, 3]], 65],
 [[[1, 14], [1, 13], [1, 9], [1, 8], [1, 6]], 175],
 [[[1, 14], [1, 13], [1, 10], [1, 4], [1, 3]], 484],
 [[[1, 14], [1, 13], [1, 10], [1, 5], [1, 3]], 401],
 [[[1, 14], [1, 13], [1, 11], [1, 4], [1, 3]], 505],
 [[[1, 14], [1, 13], [1, 11], [1, 6], [1, 3]], 927],
 [[[1, 14], [1, 13], [1, 11], [1, 7], [1, 4]], 268],
 [[[1, 14], [1, 13], [1, 11], [1, 9], [1, 2]], 705],
 [[[1, 14], [1, 13], [1, 11], [1, 9], [1, 8]], 720],
 [[[1, 14], [1, 13], [1, 11], [1, 10], [1, 2]], 39],
 [[[1, 14], [1, 13], [1, 12], [1, 3], [1, 2]], 666],
 [[[1, 14], [1, 13], [1, 12], [1, 6], [1, 2]], 335],
 [[[1, 14], [1, 13], [1, 12], [1, 8], [1, 2]], 594],
 [[[1, 14], [1, 13], [1, 12], [1, 8], [1, 7]], 467],
 [[[1, 14], [1, 13], [1, 12], [1, 10], [1, 2]], 347],
 [[[1, 14], [1, 13], [1, 12], [1, 10], [1, 7]], 513],
 [[[1, 14], [1, 13], [1, 12], [1, 11], [1, 8]], 76],
 [[[2, 2], [1, 8], [1, 6], [1, 4]], 82],
 [[[2, 2], [1, 10], [1, 4], [1, 3]], 419],
 [[[2, 2], [1, 10], [1, 6], [1, 4]], 190],
 [[[2, 2], [1, 10], [1, 8], [1, 7]], 964],
 [[[2, 2], [1, 11], [1, 8], [1, 3]], 95],
 [[[2, 2], [1, 11], [1, 8], [1, 4]], 818],
 [[[2, 2], [1, 11], [1, 8], [1, 5]], 6],
 [[[2, 2], [1, 11], [1, 9], [1, 5]], 912],
 [[[2, 2], [1, 11], [1, 10], [1, 3]], 801],
 [[[2, 2], [1, 12], [1, 5], [1, 4]], 444],
 [[[2, 2], [1, 12], [1, 11], [1, 3]], 637],
 [[[2, 2], [1, 12], [1, 11], [1, 7]], 656],
 [[[2, 2], [1, 13], [1, 4], [1, 3]], 52],
 [[[2, 2], [1, 13], [1, 6], [1, 3]], 143],
 [[[2, 2], [1, 13], [1, 7], [1, 6]], 612],
 [[[2, 2], [1, 13], [1, 9], [1, 7]], 663],
 [[[2, 2], [1, 13], [1, 11], [1, 5]], 235],
 [[[2, 2], [1, 14], [1, 8], [1, 4]], 197],
 [[[2, 2], [1, 14], [1, 9], [1, 4]], 859],
 [[[2, 2], [1, 14], [1, 9], [1, 7]], 608],
 [[[2, 2], [1, 14], [1, 10], [1, 8]], 829],
 [[[2, 2], [1, 14], [1, 12], [1, 11]], 200],
 [[[2, 3], [1, 8], [1, 5], [1, 4]], 563],
 [[[2, 3], [1, 8], [1, 7], [1, 6]], 583],
 [[[2, 3], [1, 10], [1, 8], [1, 2]], 182],
 [[[2, 3], [1, 11], [1, 5], [1, 4]], 216],
 [[[2, 3], [1, 11], [1, 7], [1, 6]], 426],
 [[[2, 3], [1, 11], [1, 8], [1, 2]], 750],
 [[[2, 3], [1, 11], [1, 9], [1, 2]], 576],
 [[[2, 3], [1, 11], [1, 9], [1, 4]], 478],
 [[[2, 3], [1, 11], [1, 9], [1, 5]], 825],
 [[[2, 3], [1, 12], [1, 11], [1, 5]], 137],
 [[[2, 3], [1, 13], [1, 10], [1, 6]], 123],
 [[[2, 3], [1, 13], [1, 10], [1, 8]], 218],
 [[[2, 3], [1, 13], [1, 11], [1, 7]], 749],
 [[[2, 3], [1, 13], [1, 12], [1, 10]], 222],
 [[[2, 3], [1, 14], [1, 10], [1, 6]], 92],
 [[[2, 3], [1, 14], [1, 10], [1, 9]], 248],
 [[[2, 3], [2, 2], [1, 9]], 96],
 [[[2, 3], [2, 2], [1, 11]], 930],
 [[[2, 3], [2, 2], [1, 12]], 271],
 [[[2, 4], [1, 7], [1, 5], [1, 3]], 702],
 [[[2, 4], [1, 9], [1, 6], [1, 3]], 691],
 [[[2, 4], [1, 9], [1, 6], [1, 5]], 116],
 [[[2, 4], [1, 9], [1, 7], [1, 5]], 180],
 [[[2, 4], [1, 9], [1, 7], [1, 6]], 249],
 [[[2, 4], [1, 10], [1, 3], [1, 2]], 149],
 [[[2, 4], [1, 10], [1, 6], [1, 2]], 737],
 [[[2, 4], [1, 10], [1, 6], [1, 3]], 730],
 [[[2, 4], [1, 11], [1, 3], [1, 2]], 255],
 [[[2, 4], [1, 11], [1, 5], [1, 3]], 931],
 [[[2, 4], [1, 11], [1, 6], [1, 3]], 394],
 [[[2, 4], [1, 11], [1, 7], [1, 2]], 875],
 [[[2, 4], [1, 11], [1, 8], [1, 2]], 208],
 [[[2, 4], [1, 11], [1, 9], [1, 3]], 27],
 [[[2, 4], [1, 11], [1, 10], [1, 2]], 808],
 [[[2, 4], [1, 12], [1, 7], [1, 2]], 142],
 [[[2, 4], [1, 12], [1, 8], [1, 2]], 566],
 [[[2, 4], [1, 12], [1, 8], [1, 7]], 807],
 [[[2, 4], [1, 12], [1, 9], [1, 2]], 919],
 [[[2, 4], [1, 12], [1, 11], [1, 3]], 955],
 [[[2, 4], [1, 13], [1, 5], [1, 3]], 464],
 [[[2, 4], [1, 13], [1, 6], [1, 5]], 334],
 [[[2, 4], [1, 13], [1, 11], [1, 5]], 396],
 [[[2, 4], [1, 13], [1, 12], [1, 9]], 114],
 [[[2, 4], [1, 14], [1, 7], [1, 5]], 264],
 [[[2, 4], [1, 14], [1, 12], [1, 7]], 485],
 [[[2, 4], [1, 14], [1, 12], [1, 11]], 7],
 [[[2, 4], [2, 2], [1, 9]], 387],
 [[[2, 4], [2, 2], [1, 11]], 284],
 [[[2, 4], [2, 3], [1, 14]], 610],
 [[[2, 5], [1, 8], [1, 7], [1, 6]], 628],
 [[[2, 5], [1, 9], [1, 4], [1, 2]], 839],
 [[[2, 5], [1, 10], [1, 4], [1, 2]], 448],
 [[[2, 5], [1, 10], [1, 9], [1, 3]], 263],
 [[[2, 5], [1, 11], [1, 6], [1, 3]], 591],
 [[[2, 5], [1, 11], [1, 7], [1, 4]], 293],
 [[[2, 5], [1, 11], [1, 8], [1, 7]], 349],
 [[[2, 5], [1, 11], [1, 10], [1, 7]], 232],
 [[[2, 5], [1, 12], [1, 4], [1, 2]], 84],
 [[[2, 5], [1, 13], [1, 6], [1, 4]], 372],
 [[[2, 5], [1, 13], [1, 10], [1, 6]], 492],
 [[[2, 5], [1, 13], [1, 11], [1, 4]], 980],
 [[[2, 5], [1, 13], [1, 11], [1, 10]], 80],
 [[[2, 5], [1, 13], [1, 12], [1, 8]], 536],
 [[[2, 5], [1, 14], [1, 4], [1, 3]], 792],
 [[[2, 5], [1, 14], [1, 8], [1, 6]], 675],
 [[[2, 5], [1, 14], [1, 11], [1, 9]], 867],
 [[[2, 5], [1, 14], [1, 12], [1, 2]], 549],
 [[[2, 5], [1, 14], [1, 13], [1, 3]], 561],
 [[[2, 5], [1, 14], [1, 13], [1, 10]], 922],
 [[[2, 5], [2, 2], [1, 4]], 905],
 [[[2, 5], [2, 2], [1, 7]], 102],
 [[[2, 5], [2, 2], [1, 13]], 483],
 [[[2, 5], [2, 4], [1, 10]], 967],
 [[[2, 6], [1, 10], [1, 7], [1, 2]], 228],
 [[[2, 6], [1, 11], [1, 4], [1, 3]], 757],
 [[[2, 6], [1, 11], [1, 5], [1, 4]], 913],
 [[[2, 6], [1, 11], [1, 7], [1, 3]], 236],
 [[[2, 6], [1, 11], [1, 7], [1, 4]], 489],
 [[[2, 6], [1, 11], [1, 9], [1, 7]], 438],
 [[[2, 6], [1, 11], [1, 10], [1, 7]], 494],
 [[[2, 6], [1, 12], [1, 11], [1, 3]], 364],
 [[[2, 6], [1, 13], [1, 5], [1, 2]], 812],
 [[[2, 6], [1, 13], [1, 11], [1, 2]], 959],
 [[[2, 6], [1, 13], [1, 11], [1, 5]], 85],
 [[[2, 6], [1, 13], [1, 11], [1, 10]], 380],
 [[[2, 6], [1, 14], [1, 9], [1, 8]], 920],
 [[[2, 6], [2, 2], [1, 12]], 570],
 [[[2, 6], [2, 3], [1, 4]], 176],
 [[[2, 6], [2, 3], [1, 5]], 452],
 [[[2, 6], [2, 3], [1, 8]], 600],
 [[[2, 6], [2, 3], [1, 10]], 677],
 [[[2, 6], [2, 3], [1, 11]], 623],
 [[[2, 7], [1, 8], [1, 6], [1, 4]], 99],
 [[[2, 7], [1, 9], [1, 8], [1, 3]], 514],
 [[[2, 7], [1, 11], [1, 3], [1, 2]], 177],
 [[[2, 7], [1, 11], [1, 6], [1, 2]], 378],
 [[[2, 7], [1, 11], [1, 6], [1, 3]], 854],
 [[[2, 7], [1, 11], [1, 8], [1, 3]], 713],
 [[[2, 7], [1, 11], [1, 8], [1, 6]], 269],
 [[[2, 7], [1, 11], [1, 9], [1, 3]], 615],
 [[[2, 7], [1, 11], [1, 9], [1, 8]], 155],
 [[[2, 7], [1, 12], [1, 9], [1, 8]], 988],
 [[[2, 7], [1, 12], [1, 11], [1, 9]], 820],
 [[[2, 7], [1, 12], [1, 11], [1, 10]], 711],
 [[[2, 7], [1, 13], [1, 5], [1, 2]], 148],
 [[[2, 7], [1, 13], [1, 8], [1, 3]], 328],
 [[[2, 7], [1, 13], [1, 10], [1, 5]], 766],
 [[[2, 7], [1, 13], [1, 11], [1, 9]], 916],
 [[[2, 7], [1, 13], [1, 12], [1, 3]], 847],
 [[[2, 7], [1, 14], [1, 8], [1, 4]], 313],
 [[[2, 7], [1, 14], [1, 13], [1, 8]], 490],
 [[[2, 7], [2, 2], [1, 3]], 41],
 [[[2, 7], [2, 2], [1, 6]], 986],
 [[[2, 7], [2, 2], [1, 11]], 782],
 [[[2, 7], [2, 2], [1, 12]], 130],
 [[[2, 7], [2, 3], [1, 2]], 618],
 [[[2, 7], [2, 3], [1, 4]], 533],
 [[[2, 7], [2, 3], [1, 10]], 4],
 [[[2, 7], [2, 3], [1, 12]], 551],
 [[[2, 7], [2, 3], [1, 14]], 985],
 [[[2, 7], [2, 4], [1, 5]], 626],
 [[[2, 7], [2, 4], [1, 11]], 869],
 [[[2, 7], [2, 4], [1, 12]], 320],
 [[[2, 7], [2, 5], [1, 12]], 431],
 [[[2, 7], [2, 5], [1, 14]], 376],
 [[[2, 7], [2, 6], [1, 10]], 890],
 [[[2, 7], [2, 6], [1, 11]], 595],
 [[[2, 8], [1, 7], [1, 4], [1, 3]], 234],
 [[[2, 8], [1, 7], [1, 5], [1, 3]], 577],
 [[[2, 8], [1, 10], [1, 7], [1, 3]], 498],
 [[[2, 8], [1, 11], [1, 7], [1, 3]], 616],
 [[[2, 8], [1, 11], [1, 10], [1, 7]], 202],
 [[[2, 8], [1, 12], [1, 4], [1, 2]], 5],
 [[[2, 8], [1, 12], [1, 7], [1, 6]], 707],
 [[[2, 8], [1, 12], [1, 11], [1, 6]], 939],
 [[[2, 8], [1, 13], [1, 11], [1, 3]], 752],
 [[[2, 8], [1, 13], [1, 11], [1, 4]], 326],
 [[[2, 8], [1, 13], [1, 12], [1, 9]], 696],
 [[[2, 8], [1, 14], [1, 9], [1, 7]], 866],
 [[[2, 8], [1, 14], [1, 12], [1, 2]], 880],
 [[[2, 8], [1, 14], [1, 12], [1, 3]], 823],
 [[[2, 8], [1, 14], [1, 12], [1, 4]], 914],
 [[[2, 8], [1, 14], [1, 12], [1, 11]], 764],
 [[[2, 8], [1, 14], [1, 13], [1, 3]], 272],
 [[[2, 8], [2, 2], [1, 5]], 886],
 [[[2, 8], [2, 3], [1, 2]], 244],
 [[[2, 8], [2, 3], [1, 13]], 631],
 [[[2, 8], [2, 4], [1, 2]], 654],
 [[[2, 8], [2, 4], [1, 11]], 221],
 [[[2, 8], [2, 5], [1, 10]], 125],
 [[[2, 8], [2, 5], [1, 11]], 457],
 [[[2, 8], [2, 6], [1, 5]], 44],
 [[[2, 8], [2, 6], [1, 7]], 32],
 [[[2, 8], [2, 6], [1, 9]], 994],
 [[[2, 8], [2, 6], [1, 11]], 473],
 [[[2, 8], [2, 6], [1, 13]], 528],
 [[[2, 8], [2, 7], [1, 2]], 863],
 [[[2, 8], [2, 7], [1, 6]], 780],
 [[[2, 8], [2, 7], [1, 9]], 898],
 [[[2, 8], [2, 7], [1, 11]], 728],
 [[[2, 9], [1, 7], [1, 6], [1, 4]], 727],
 [[[2, 9], [1, 8], [1, 7], [1, 3]], 341],
 [[[2, 9], [1, 10], [1, 5], [1, 3]], 716],
 [[[2, 9], [1, 10], [1, 8], [1, 5]], 151],
 [[[2, 9], [1, 11], [1, 8], [1, 3]], 546],
 [[[2, 9], [1, 12], [1, 4], [1, 2]], 319],
 [[[2, 9], [1, 12], [1, 6], [1, 2]], 225],
 [[[2, 9], [1, 12], [1, 8], [1, 3]], 296],
 [[[2, 9], [1, 13], [1, 6], [1, 5]], 982],
 [[[2, 9], [1, 13], [1, 8], [1, 7]], 408],
 [[[2, 9], [1, 13], [1, 10], [1, 5]], 397],
 [[[2, 9], [1, 13], [1, 11], [1, 3]], 9],
 [[[2, 9], [1, 13], [1, 11], [1, 7]], 539],
 [[[2, 9], [1, 14], [1, 5], [1, 2]], 976],
 [[[2, 9], [1, 14], [1, 7], [1, 4]], 882],
 [[[2, 9], [1, 14], [1, 8], [1, 2]], 373],
 [[[2, 9], [1, 14], [1, 10], [1, 2]], 889],
 [[[2, 9], [1, 14], [1, 11], [1, 8]], 574],
 [[[2, 9], [1, 14], [1, 12], [1, 2]], 871],
 [[[2, 9], [1, 14], [1, 13], [1, 7]], 390],
 [[[2, 9], [2, 2], [1, 3]], 874],
 [[[2, 9], [2, 2], [1, 4]], 108],
 [[[2, 9], [2, 2], [1, 14]], 520],
 [[[2, 9], [2, 3], [1, 7]], 157],
 [[[2, 9], [2, 3], [1, 8]], 73],
 [[[2, 9], [2, 3], [1, 14]], 965],
 [[[2, 9], [2, 4], [1, 2]], 550],
 [[[2, 9], [2, 4], [1, 14]], 706],
 [[[2, 9], [2, 5], [1, 2]], 772],
 [[[2, 9], [2, 5], [1, 12]], 862],
 [[[2, 9], [2, 6], [1, 4]], 24],
 [[[2, 9], [2, 6], [1, 13]], 581],
 [[[2, 9], [2, 6], [1, 14]], 332],
 [[[2, 9], [2, 7], [1, 4]], 509],
 [[[2, 9], [2, 7], [1, 5]], 943],
 [[[2, 9], [2, 7], [1, 13]], 179],
 [[[2, 9], [2, 8], [1, 7]], 355],
 [[[2, 10], [1, 5], [1, 3], [1, 2]], 280],
 [[[2, 10], [1, 8], [1, 6], [1, 3]], 348],
 [[[2, 10], [1, 9], [1, 8], [1, 6]], 15],
 [[[2, 10], [1, 11], [1, 7], [1, 3]], 265],
 [[[2, 10], [1, 11], [1, 7], [1, 5]], 945],
 [[[2, 10], [1, 11], [1, 8], [1, 5]], 185],
 [[[2, 10], [1, 11], [1, 9], [1, 3]], 339],
 [[[2, 10], [1, 11], [1, 9], [1, 5]], 860],
 [[[2, 10], [1, 11], [1, 9], [1, 8]], 163],
 [[[2, 10], [1, 12], [1, 6], [1, 2]], 923],
 [[[2, 10], [1, 12], [1, 7], [1, 4]], 104],
 [[[2, 10], [1, 12], [1, 7], [1, 6]], 382],
 [[[2, 10], [1, 12], [1, 8], [1, 3]], 888],
 [[[2, 10], [1, 13], [1, 9], [1, 8]], 195],
 [[[2, 10], [1, 13], [1, 12], [1, 9]], 391],
 [[[2, 10], [1, 14], [1, 9], [1, 6]], 504],
 [[[2, 10], [1, 14], [1, 9], [1, 7]], 613],
 [[[2, 10], [1, 14], [1, 11], [1, 3]], 935],
 [[[2, 10], [1, 14], [1, 12], [1, 11]], 850],
 [[[2, 10], [2, 2], [1, 3]], 383],
 [[[2, 10], [2, 2], [1, 7]], 450],
 [[[2, 10], [2, 2], [1, 11]], 803],
 [[[2, 10], [2, 3], [1, 5]], 735],
 [[[2, 10], [2, 3], [1, 6]], 292],
 [[[2, 10], [2, 3], [1, 7]], 588],
 [[[2, 10], [2, 3], [1, 12]], 337],
 [[[2, 10], [2, 3], [1, 14]], 266],
 [[[2, 10], [2, 5], [1, 3]], 627],
 [[[2, 10], [2, 5], [1, 11]], 140],
 [[[2, 10], [2, 5], [1, 12]], 936],
 [[[2, 10], [2, 6], [1, 8]], 813],
 [[[2, 10], [2, 6], [1, 12]], 693],
 [[[2, 10], [2, 7], [1, 3]], 648],
 [[[2, 10], [2, 7], [1, 11]], 301],
 [[[2, 10], [2, 8], [1, 9]], 210],
 [[[2, 10], [2, 9], [1, 2]], 150],
 [[[2, 10], [2, 9], [1, 8]], 198],
 [[[2, 10], [2, 9], [1, 13]], 542],
 [[[2, 10], [2, 9], [1, 14]], 996],
 [[[2, 11], [1, 6], [1, 5], [1, 4]], 283],
 [[[2, 11], [1, 7], [1, 6], [1, 3]], 486],
 [[[2, 11], [1, 8], [1, 5], [1, 2]], 118],
 [[[2, 11], [1, 8], [1, 7], [1, 3]], 990],
 [[[2, 11], [1, 10], [1, 6], [1, 2]], 440],
 [[[2, 11], [1, 10], [1, 9], [1, 2]], 837],
 [[[2, 11], [1, 12], [1, 4], [1, 3]], 678],
 [[[2, 11], [1, 12], [1, 7], [1, 5]], 897],
 [[[2, 11], [1, 12], [1, 8], [1, 7]], 739],
 [[[2, 11], [1, 13], [1, 8], [1, 2]], 439],
 [[[2, 11], [1, 13], [1, 12], [1, 5]], 122],
 [[[2, 11], [1, 14], [1, 4], [1, 2]], 83],
 [[[2, 11], [1, 14], [1, 12], [1, 5]], 424],
 [[[2, 11], [1, 14], [1, 13], [1, 10]], 329],
 [[[2, 11], [2, 3], [1, 5]], 344],
 [[[2, 11], [2, 3], [1, 7]], 67],
 [[[2, 11], [2, 3], [1, 10]], 763],
 [[[2, 11], [2, 4], [1, 14]], 603],
 [[[2, 11], [2, 6], [1, 8]], 97],
 [[[2, 11], [2, 6], [1, 9]], 325],
 [[[2, 11], [2, 7], [1, 9]], 247],
 [[[2, 11], [2, 7], [1, 13]], 370],
 [[[2, 11], [2, 8], [1, 14]], 649],
 [[[2, 11], [2, 9], [1, 4]], 456],
 [[[2, 11], [2, 9], [1, 6]], 258],
 [[[2, 11], [2, 10], [1, 5]], 515],
 [[[2, 12], [1, 7], [1, 3], [1, 2]], 584],
 [[[2, 12], [1, 9], [1, 4], [1, 3]], 977],
 [[[2, 12], [1, 9], [1, 7], [1, 3]], 381],
 [[[2, 12], [1, 9], [1, 8], [1, 7]], 421],
 [[[2, 12], [1, 10], [1, 5], [1, 2]], 22],
 [[[2, 12], [1, 10], [1, 6], [1, 3]], 848],
 [[[2, 12], [1, 10], [1, 6], [1, 5]], 692],
 [[[2, 12], [1, 11], [1, 5], [1, 3]], 679],
 [[[2, 12], [1, 11], [1, 6], [1, 3]], 323],
 [[[2, 12], [1, 11], [1, 9], [1, 2]], 418],
 [[[2, 12], [1, 11], [1, 9], [1, 4]], 683],
 [[[2, 12], [1, 11], [1, 9], [1, 5]], 903],
 [[[2, 12], [1, 11], [1, 9], [1, 6]], 128],
 [[[2, 12], [1, 11], [1, 10], [1, 4]], 353],
 [[[2, 12], [1, 11], [1, 10], [1, 5]], 306],
 [[[2, 12], [1, 11], [1, 10], [1, 6]], 926],
 [[[2, 12], [1, 13], [1, 5], [1, 3]], 1000],
 [[[2, 12], [1, 13], [1, 9], [1, 2]], 799],
 [[[2, 12], [1, 13], [1, 9], [1, 5]], 42],
 [[[2, 12], [1, 13], [1, 11], [1, 2]], 289],
 [[[2, 12], [1, 13], [1, 11], [1, 5]], 769],
 [[[2, 12], [1, 13], [1, 11], [1, 7]], 951],
 [[[2, 12], [1, 14], [1, 8], [1, 2]], 196],
 [[[2, 12], [1, 14], [1, 9], [1, 3]], 285],
 [[[2, 12], [1, 14], [1, 11], [1, 2]], 321],
 [[[2, 12], [1, 14], [1, 13], [1, 2]], 398],
 [[[2, 12], [2, 2], [1, 14]], 815],
 [[[2, 12], [2, 3], [1, 2]], 220],
 [[[2, 12], [2, 4], [1, 6]], 46],
 [[[2, 12], [2, 4], [1, 7]], 606],
 [[[2, 12], [2, 4], [1, 9]], 87],
 [[[2, 12], [2, 4], [1, 10]], 650],
 [[[2, 12], [2, 6], [1, 11]], 547],
 [[[2, 12], [2, 7], [1, 3]], 525],
 [[[2, 12], [2, 7], [1, 4]], 141],
 [[[2, 12], [2, 7], [1, 8]], 694],
 [[[2, 12], [2, 7], [1, 11]], 629],
 [[[2, 12], [2, 7], [1, 14]], 773],
 [[[2, 12], [2, 8], [1, 6]], 181],
 [[[2, 12], [2, 8], [1, 10]], 767],
 [[[2, 12], [2, 9], [1, 4]], 62],
 [[[2, 12], [2, 10], [1, 4]], 324],
 [[[2, 12], [2, 10], [1, 7]], 385],
 [[[2, 12], [2, 10], [1, 11]], 806],
 [[[2, 12], [2, 11], [1, 8]], 476],
 [[[2, 13], [1, 7], [1, 6], [1, 2]], 119],
 [[[2, 13], [1, 8], [1, 7], [1, 4]], 174],
 [[[2, 13], [1, 9], [1, 4], [1, 2]], 103],
 [[[2, 13], [1, 10], [1, 6], [1, 2]], 257],
 [[[2, 13], [1, 10], [1, 9], [1, 7]], 40],
 [[[2, 13], [1, 11], [1, 3], [1, 2]], 597],
 [[[2, 13], [1, 11], [1, 4], [1, 3]], 54],
 [[[2, 13], [1, 11], [1, 7], [1, 2]], 802],
 [[[2, 13], [1, 11], [1, 7], [1, 6]], 207],
 [[[2, 13], [1, 11], [1, 9], [1, 5]], 970],
 [[[2, 13], [1, 12], [1, 6], [1, 5]], 819],
 [[[2, 13], [1, 12], [1, 7], [1, 3]], 294],
 [[[2, 13], [1, 12], [1, 7], [1, 5]], 124],
 [[[2, 13], [1, 12], [1, 10], [1, 8]], 736],
 [[[2, 13], [1, 14], [1, 5], [1, 4]], 1],
 [[[2, 13], [1, 14], [1, 6], [1, 4]], 38],
 [[[2, 13], [1, 14], [1, 8], [1, 3]], 230],
 [[[2, 13], [1, 14], [1, 8], [1, 6]], 573],
 [[[2, 13], [1, 14], [1, 10], [1, 5]], 983],
 [[[2, 13], [1, 14], [1, 12], [1, 11]], 635],
 [[[2, 13], [2, 2], [1, 14]], 531],
 [[[2, 13], [2, 3], [1, 2]], 201],
 [[[2, 13], [2, 3], [1, 6]], 853],
 [[[2, 13], [2, 3], [1, 9]], 14],
 [[[2, 13], [2, 3], [1, 11]], 110],
 [[[2, 13], [2, 4], [1, 5]], 554],
 [[[2, 13], [2, 4], [1, 7]], 441],
 [[[2, 13], [2, 4], [1, 11]], 275],
 [[[2, 13], [2, 4], [1, 12]], 357],
 [[[2, 13], [2, 6], [1, 8]], 346],
 [[[2, 13], [2, 6], [1, 11]], 98],
 [[[2, 13], [2, 7], [1, 6]], 282],
 [[[2, 13], [2, 7], [1, 8]], 619],
 [[[2, 13], [2, 7], [1, 11]], 699],
 [[[2, 13], [2, 7], [1, 12]], 646],
 [[[2, 13], [2, 8], [1, 11]], 261],
 [[[2, 13], [2, 9], [1, 6]], 952],
 [[[2, 13], [2, 10], [1, 11]], 60],
 [[[2, 13], [2, 10], [1, 12]], 592],
 [[[2, 13], [2, 10], [1, 14]], 714],
 [[[2, 13], [2, 11], [1, 3]], 402],
 [[[2, 13], [2, 12], [1, 4]], 558],
 [[[2, 13], [2, 12], [1, 6]], 640],
 [[[2, 13], [2, 12], [1, 10]], 655],
 [[[2, 14], [1, 5], [1, 3], [1, 2]], 428],
 [[[2, 14], [1, 8], [1, 5], [1, 4]], 958],
 [[[2, 14], [1, 9], [1, 5], [1, 3]], 342],
 [[[2, 14], [1, 9], [1, 7], [1, 6]], 710],
 [[[2, 14], [1, 10], [1, 8], [1, 2]], 559],
 [[[2, 14], [1, 10], [1, 8], [1, 3]], 333],
 [[[2, 14], [1, 10], [1, 8], [1, 4]], 726],
 [[[2, 14], [1, 11], [1, 6], [1, 3]], 560],
 [[[2, 14], [1, 11], [1, 8], [1, 2]], 445],
 [[[2, 14], [1, 11], [1, 10], [1, 3]], 105],
 [[[2, 14], [1, 11], [1, 10], [1, 9]], 43],
 [[[2, 14], [1, 12], [1, 6], [1, 2]], 35],
 [[[2, 14], [1, 12], [1, 9], [1, 2]], 460],
 [[[2, 14], [1, 12], [1, 11], [1, 5]], 794],
 [[[2, 14], [1, 12], [1, 11], [1, 9]], 770],
 [[[2, 14], [1, 13], [1, 5], [1, 4]], 978],
 [[[2, 14], [1, 13], [1, 9], [1, 6]], 784],
 [[[2, 14], [1, 13], [1, 11], [1, 10]], 840],
 [[[2, 14], [2, 2], [1, 3]], 374],
 [[[2, 14], [2, 2], [1, 5]], 213],
 [[[2, 14], [2, 2], [1, 9]], 632],
 [[[2, 14], [2, 2], [1, 10]], 688],
 [[[2, 14], [2, 2], [1, 12]], 435],
 [[[2, 14], [2, 3], [1, 2]], 925],
 [[[2, 14], [2, 3], [1, 4]], 434],
 [[[2, 14], [2, 4], [1, 11]], 422],
 [[[2, 14], [2, 5], [1, 6]], 884],
 [[[2, 14], [2, 5], [1, 10]], 166],
 [[[2, 14], [2, 5], [1, 11]], 379],
 [[[2, 14], [2, 6], [1, 4]], 358],
 [[[2, 14], [2, 6], [1, 5]], 45],
 [[[2, 14], [2, 6], [1, 11]], 731],
 [[[2, 14], [2, 6], [1, 13]], 361],
 [[[2, 14], [2, 7], [1, 4]], 841],
 [[[2, 14], [2, 7], [1, 10]], 585],
 [[[2, 14], [2, 8], [1, 2]], 322],
 [[[2, 14], [2, 8], [1, 7]], 487],
 [[[2, 14], [2, 8], [1, 10]], 299],
 [[[2, 14], [2, 8], [1, 11]], 219],
 [[[2, 14], [2, 9], [1, 10]], 700],
 [[[2, 14], [2, 9], [1, 11]], 838],
 [[[2, 14], [2, 10], [1, 4]], 668],
 [[[2, 14], [2, 10], [1, 6]], 71],
 [[[2, 14], [2, 11], [1, 13]], 904],
 [[[2, 14], [2, 12], [1, 7]], 199],
 [[[2, 14], [2, 12], [1, 8]], 644],
 [[[2, 14], [2, 12], [1, 11]], 75],
 [[[2, 14], [2, 13], [1, 2]], 516],
 [[[2, 14], [2, 13], [1, 4]], 557],
 [[[3, 2], [1, 5], [1, 4]], 139],
 [[[3, 2], [1, 8], [1, 7]], 77],
 [[[3, 2], [1, 9], [1, 3]], 356],
 [[[3, 2], [1, 10], [1, 9]], 343],
 [[[3, 2], [1, 11], [1, 5]], 962],
 [[[3, 2], [1, 11], [1, 6]], 946],
 [[[3, 2], [1, 11], [1, 8]], 134],
 [[[3, 2], [1, 11], [1, 10]], 900],
 [[[3, 2], [1, 12], [1, 4]], 605],
 [[[3, 2], [1, 12], [1, 5]], 79],
 [[[3, 2], [1, 12], [1, 11]], 354],
 [[[3, 2], [1, 13], [1, 5]], 237],
 [[[3, 2], [1, 13], [1, 8]], 314],
 [[[3, 2], [1, 13], [1, 11]], 290],
 [[[3, 2], [1, 14], [1, 10]], 896],
 [[[3, 2], [2, 6]], 47],
 [[[3, 2], [2, 7]], 824],
 [[[3, 2], [2, 8]], 979],
 [[[3, 2], [2, 9]], 811],
 [[[3, 2], [2, 11]], 865],
 [[[3, 2], [2, 12]], 188],
 [[[3, 2], [2, 14]], 403],
 [[[3, 3], [1, 5], [1, 2]], 814],
 [[[3, 3], [1, 6], [1, 5]], 477],
 [[[3, 3], [1, 8], [1, 2]], 153],
 [[[3, 3], [1, 8], [1, 6]], 956],
 [[[3, 3], [1, 9], [1, 2]], 630],
 [[[3, 3], [1, 9], [1, 8]], 826],
 [[[3, 3], [1, 11], [1, 2]], 565],
 [[[3, 3], [1, 11], [1, 5]], 171],
 [[[3, 3], [1, 11], [1, 6]], 233],
 [[[3, 3], [1, 11], [1, 8]], 981],
 [[[3, 3], [1, 11], [1, 9]], 667],
 [[[3, 3], [1, 12], [1, 9]], 425],
 [[[3, 3], [1, 14], [1, 8]], 747],
 [[[3, 3], [1, 14], [1, 10]], 762],
 [[[3, 3], [2, 2]], 950],
 [[[3, 3], [2, 4]], 973],
 [[[3, 3], [2, 5]], 318],
 [[[3, 3], [2, 6]], 120],
 [[[3, 3], [2, 7]], 491],
 [[[3, 3], [2, 8]], 722],
 [[[3, 3], [2, 9]], 684],
 [[[3, 3], [2, 10]], 545],
 [[[3, 3], [2, 12]], 607],
 [[[3, 3], [2, 13]], 48],
 [[[3, 3], [2, 14]], 13],
 [[[3, 4], [1, 3], [1, 2]], 797],
 [[[3, 4], [1, 6], [1, 5]], 480],
 [[[3, 4], [1, 7], [1, 2]], 621],
 [[[3, 4], [1, 8], [1, 3]], 184],
 [[[3, 4], [1, 8], [1, 6]], 465],
 [[[3, 4], [1, 10], [1, 6]], 109],
 [[[3, 4], [1, 11], [1, 2]], 117],
 [[[3, 4], [1, 11], [1, 3]], 975],
 [[[3, 4], [1, 11], [1, 5]], 443],
 [[[3, 4], [1, 11], [1, 9]], 639],
 [[[3, 4], [1, 11], [1, 10]], 281],
 [[[3, 4], [1, 12], [1, 6]], 152],
 [[[3, 4], [1, 13], [1, 12]], 21],
 [[[3, 4], [1, 14], [1, 2]], 674],
 [[[3, 4], [1, 14], [1, 3]], 510],
 [[[3, 4], [1, 14], [1, 7]], 928],
 [[[3, 4], [1, 14], [1, 8]], 472],
 [[[3, 4], [1, 14], [1, 12]], 698],
 [[[3, 4], [2, 3]], 57],
 [[[3, 4], [2, 5]], 602],
 [[[3, 4], [2, 7]], 412],
 [[[3, 4], [2, 8]], 414],
 [[[3, 4], [2, 10]], 455],
 [[[3, 4], [2, 11]], 822],
 [[[3, 4], [2, 14]], 369],
 [[[3, 5], [1, 4], [1, 3]], 186],
 [[[3, 5], [1, 6], [1, 3]], 745],
 [[[3, 5], [1, 7], [1, 4]], 685],
 [[[3, 5], [1, 8], [1, 7]], 524],
 [[[3, 5], [1, 9], [1, 4]], 972],
 [[[3, 5], [1, 10], [1, 2]], 302],
 [[[3, 5], [1, 11], [1, 3]], 748],
 [[[3, 5], [1, 11], [1, 10]], 908],
 [[[3, 5], [1, 12], [1, 2]], 758],
 [[[3, 5], [1, 12], [1, 8]], 756],
 [[[3, 5], [1, 13], [1, 2]], 511],
 [[[3, 5], [1, 13], [1, 7]], 56],
 [[[3, 5], [1, 14], [1, 3]], 469],
 [[[3, 5], [1, 14], [1, 13]], 360],
 [[[3, 5], [2, 2]], 858],
 [[[3, 5], [2, 3]], 101],
 [[[3, 5], [2, 4]], 835],
 [[[3, 5], [2, 8]], 961],
 [[[3, 5], [2, 10]], 215],
 [[[3, 5], [2, 11]], 997],
 [[[3, 5], [2, 14]], 783],
 [[[3, 6], [1, 4], [1, 3]], 715],
 [[[3, 6], [1, 8], [1, 4]], 133],
 [[[3, 6], [1, 11], [1, 4]], 295],
 [[[3, 6], [1, 11], [1, 5]], 493],
 [[[3, 6], [1, 11], [1, 7]], 578],
 [[[3, 6], [1, 11], [1, 8]], 836],
 [[[3, 6], [1, 11], [1, 9]], 991],
 [[[3, 6], [1, 11], [1, 10]], 681],
 [[[3, 6], [1, 12], [1, 3]], 36],
 [[[3, 6], [1, 12], [1, 4]], 156],
 [[[3, 6], [1, 12], [1, 11]], 173],
 [[[3, 6], [1, 13], [1, 12]], 788],
 [[[3, 6], [1, 14], [1, 5]], 572],
 [[[3, 6], [2, 2]], 538],
 [[[3, 6], [2, 5]], 845],
 [[[3, 6], [2, 7]], 541],
 [[[3, 6], [2, 8]], 191],
 [[[3, 6], [2, 9]], 206],
 [[[3, 6], [2, 12]], 253],
 [[[3, 6], [2, 13]], 86],
 [[[3, 6], [2, 14]], 777],
 [[[3, 7], [1, 6], [1, 3]], 416],
 [[[3, 7], [1, 6], [1, 5]], 300],
 [[[3, 7], [1, 8], [1, 2]], 754],
 [[[3, 7], [1, 9], [1, 2]], 556],
 [[[3, 7], [1, 11], [1, 2]], 466],
 [[[3, 7], [1, 12], [1, 3]], 579],
 [[[3, 7], [1, 12], [1, 6]], 68],
 [[[3, 7], [1, 12], [1, 8]], 665],
 [[[3, 7], [1, 13], [1, 9]], 291],
 [[[3, 7], [1, 14], [1, 8]], 582],
 [[[3, 7], [2, 2]], 317],
 [[[3, 7], [2, 4]], 779],
 [[[3, 7], [2, 6]], 670],
 [[[3, 7], [2, 8]], 246],
 [[[3, 7], [2, 9]], 885],
 [[[3, 7], [2, 10]], 911],
 [[[3, 7], [2, 11]], 645],
 [[[3, 7], [2, 12]], 671],
 [[[3, 7], [2, 13]], 682],
 [[[3, 8], [1, 3], [1, 2]], 454],
 [[[3, 8], [1, 5], [1, 2]], 303],
 [[[3, 8], [1, 7], [1, 2]], 17],
 [[[3, 8], [1, 7], [1, 5]], 974],
 [[[3, 8], [1, 9], [1, 5]], 949],
 [[[3, 8], [1, 10], [1, 7]], 500],
 [[[3, 8], [1, 11], [1, 2]], 90],
 [[[3, 8], [1, 11], [1, 4]], 311],
 [[[3, 8], [1, 11], [1, 5]], 522],
 [[[3, 8], [1, 12], [1, 7]], 250],
 [[[3, 8], [1, 12], [1, 11]], 717],
 [[[3, 8], [1, 13], [1, 6]], 240],
 [[[3, 8], [1, 14], [1, 2]], 243],
 [[[3, 8], [1, 14], [1, 12]], 809],
 [[[3, 8], [2, 3]], 844],
 [[[3, 8], [2, 4]], 209],
 [[[3, 8], [2, 5]], 433],
 [[[3, 8], [2, 6]], 895],
 [[[3, 8], [2, 9]], 367],
 [[[3, 8], [2, 10]], 891],
 [[[3, 8], [2, 11]], 170],
 [[[3, 8], [2, 13]], 734],
 [[[3, 8], [2, 14]], 798],
 [[[3, 9], [1, 3], [1, 2]], 10],
 [[[3, 9], [1, 5], [1, 3]], 673],
 [[[3, 9], [1, 6], [1, 4]], 816],
 [[[3, 9], [1, 8], [1, 3]], 2],
 [[[3, 9], [1, 10], [1, 2]], 856],
 [[[3, 9], [1, 10], [1, 5]], 661],
 [[[3, 9], [1, 11], [1, 2]], 29],
 [[[3, 9], [1, 11], [1, 3]], 729],
 [[[3, 9], [1, 11], [1, 5]], 63],
 [[[3, 9], [1, 11], [1, 6]], 723],
 [[[3, 9], [1, 11], [1, 8]], 604],
 [[[3, 9], [1, 11], [1, 10]], 893],
 [[[3, 9], [1, 12], [1, 5]], 532],
 [[[3, 9], [1, 12], [1, 6]], 187],
 [[[3, 9], [1, 12], [1, 10]], 350],
 [[[3, 9], [1, 13], [1, 3]], 686],
 [[[3, 9], [1, 13], [1, 4]], 144],
 [[[3, 9], [1, 13], [1, 8]], 553],
 [[[3, 9], [1, 13], [1, 11]], 399],
 [[[3, 9], [1, 13], [1, 12]], 778],
 [[[3, 9], [2, 3]], 518],
 [[[3, 9], [2, 4]], 26],
 [[[3, 9], [2, 5]], 384],
 [[[3, 9], [2, 6]], 327],
 [[[3, 9], [2, 8]], 131],
 [[[3, 9], [2, 10]], 260],
 [[[3, 9], [2, 11]], 377],
 [[[3, 9], [2, 12]], 892],
 [[[3, 10], [1, 4], [1, 2]], 614],
 [[[3, 10], [1, 4], [1, 3]], 881],
 [[[3, 10], [1, 5], [1, 3]], 828],
 [[[3, 10], [1, 6], [1, 4]], 725],
 [[[3, 10], [1, 7], [1, 3]], 365],
 [[[3, 10], [1, 7], [1, 4]], 512],
 [[[3, 10], [1, 7], [1, 6]], 775],
 [[[3, 10], [1, 8], [1, 2]], 634],
 [[[3, 10], [1, 8], [1, 4]], 624],
 [[[3, 10], [1, 8], [1, 6]], 113],
 [[[3, 10], [1, 8], [1, 7]], 506],
 [[[3, 10], [1, 11], [1, 3]], 74],
 [[[3, 10], [1, 12], [1, 11]], 386],
 [[[3, 10], [1, 13], [1, 4]], 461],
 [[[3, 10], [1, 13], [1, 6]], 252],
 [[[3, 10], [1, 13], [1, 7]], 527],
 [[[3, 10], [1, 13], [1, 8]], 474],
 [[[3, 10], [1, 13], [1, 11]], 552],
 [[[3, 10], [1, 14], [1, 4]], 596],
 [[[3, 10], [1, 14], [1, 6]], 34],
 [[[3, 10], [2, 2]], 274],
 [[[3, 10], [2, 3]], 72],
 [[[3, 10], [2, 4]], 760],
 [[[3, 10], [2, 5]], 937],
 [[[3, 10], [2, 6]], 154],
 [[[3, 10], [2, 8]], 78],
 [[[3, 10], [2, 11]], 16],
 [[[3, 10], [2, 12]], 462],
 [[[3, 10], [2, 14]], 58],
 [[[3, 11], [1, 6], [1, 3]], 81],
 [[[3, 11], [1, 8], [1, 4]], 724],
 [[[3, 11], [1, 12], [1, 7]], 587],
 [[[3, 11], [2, 4]], 340],
 [[[3, 11], [2, 9]], 392],
 [[[3, 12], [1, 4], [1, 3]], 620],
 [[[3, 12], [1, 6], [1, 4]], 580],
 [[[3, 12], [1, 8], [1, 2]], 100],
 [[[3, 12], [1, 8], [1, 7]], 442],
 [[[3, 12], [1, 10], [1, 4]], 852],
 [[[3, 12], [1, 10], [1, 5]], 8],
 [[[3, 12], [1, 10], [1, 8]], 751],
 [[[3, 12], [1, 10], [1, 9]], 785],
 [[[3, 12], [1, 11], [1, 7]], 331],
 [[[3, 12], [1, 13], [1, 2]], 873],
 [[[3, 12], [1, 13], [1, 7]], 523],
 [[[3, 12], [1, 14], [1, 4]], 944],
 [[[3, 12], [1, 14], [1, 11]], 901],
 [[[3, 12], [1, 14], [1, 13]], 481],
 [[[3, 12], [2, 2]], 877],
 [[[3, 12], [2, 4]], 298],
 [[[3, 12], [2, 6]], 940],
 [[[3, 12], [2, 7]], 242],
 [[[3, 12], [2, 8]], 805],
 [[[3, 12], [2, 9]], 278],
 [[[3, 12], [2, 10]], 312],
 [[[3, 12], [2, 11]], 795],
 [[[3, 12], [2, 14]], 468],
 [[[3, 13], [1, 3], [1, 2]], 929],
 [[[3, 13], [1, 6], [1, 2]], 526],
 [[[3, 13], [1, 7], [1, 4]], 437],
 [[[3, 13], [1, 7], [1, 6]], 843],
 [[[3, 13], [1, 8], [1, 4]], 993],
 [[[3, 13], [1, 8], [1, 6]], 256],
 [[[3, 13], [1, 9], [1, 3]], 599],
 [[[3, 13], [1, 9], [1, 5]], 832],
 [[[3, 13], [1, 9], [1, 8]], 395],
 [[[3, 13], [1, 10], [1, 8]], 70],
 [[[3, 13], [1, 11], [1, 3]], 703],
 [[[3, 13], [1, 11], [1, 5]], 535],
 [[[3, 13], [1, 11], [1, 6]], 657],
 [[[3, 13], [1, 11], [1, 8]], 567],
 [[[3, 13], [1, 11], [1, 9]], 998],
 [[[3, 13], [1, 12], [1, 2]], 992],
 [[[3, 13], [1, 12], [1, 4]], 636],
 [[[3, 13], [1, 14], [1, 3]], 447],
 [[[3, 13], [1, 14], [1, 5]], 429],
 [[[3, 13], [1, 14], [1, 11]], 304],
 [[[3, 13], [1, 14], [1, 12]], 359],
 [[[3, 13], [2, 2]], 112],
 [[[3, 13], [2, 4]], 28],
 [[[3, 13], [2, 6]], 336],
 [[[3, 13], [2, 7]], 495],
 [[[3, 13], [2, 8]], 954],
 [[[3, 13], [2, 11]], 768],
 [[[3, 13], [2, 12]], 921],
 [[[3, 14], [1, 3], [1, 2]], 830],
 [[[3, 14], [1, 8], [1, 2]], 642],
 [[[3, 14], [1, 8], [1, 5]], 790],
 [[[3, 14], [1, 8], [1, 6]], 652],
 [[[3, 14], [1, 9], [1, 2]], 733],
 [[[3, 14], [1, 9], [1, 7]], 162],
 [[[3, 14], [1, 11], [1, 4]], 817],
 [[[3, 14], [1, 11], [1, 6]], 529],
 [[[3, 14], [1, 12], [1, 4]], 451],
 [[[3, 14], [1, 12], [1, 7]], 168],
 [[[3, 14], [1, 12], [1, 8]], 568],
 [[[3, 14], [1, 12], [1, 11]], 23],
 [[[3, 14], [1, 13], [1, 9]], 11],
 [[[3, 14], [1, 13], [1, 12]], 371],
 [[[3, 14], [2, 2]], 647],
 [[[3, 14], [2, 4]], 405],
 [[[3, 14], [2, 5]], 388],
 [[[3, 14], [2, 6]], 989],
 [[[3, 14], [2, 7]], 625],
 [[[3, 14], [2, 8]], 999],
 [[[3, 14], [2, 11]], 352],
 [[[3, 14], [2, 12]], 537],
 [[[3, 14], [2, 13]], 651],
 [[[4, 2], [1, 4]], 718],
 [[[4, 2], [1, 6]], 31],
 [[[4, 2], [1, 7]], 288],
 [[[4, 2], [1, 8]], 59],
 [[[4, 2], [1, 9]], 227],
 [[[4, 2], [1, 10]], 611],
 [[[4, 2], [1, 11]], 765],
 [[[4, 2], [1, 12]], 676],
 [[[4, 2], [1, 14]], 93],
 [[[4, 3], [1, 4]], 19],
 [[[4, 3], [1, 9]], 165],
 [[[4, 3], [1, 10]], 540],
 [[[4, 3], [1, 11]], 53],
 [[[4, 3], [1, 12]], 894],
 [[[4, 3], [1, 13]], 910],
 [[[4, 3], [1, 14]], 106],
 [[[4, 4], [1, 5]], 719],
 [[[4, 4], [1, 6]], 786],
 [[[4, 4], [1, 8]], 741],
 [[[4, 4], [1, 9]], 479],
 [[[4, 4], [1, 10]], 638],
 [[[4, 4], [1, 11]], 827],
 [[[4, 4], [1, 12]], 864],
 [[[4, 4], [1, 13]], 115],
 [[[4, 4], [1, 14]], 664],
 [[[4, 5], [1, 3]], 305],
 [[[4, 5], [1, 4]], 138],
 [[[4, 5], [1, 6]], 204],
 [[[4, 5], [1, 8]], 18],
 [[[4, 5], [1, 9]], 351],
 [[[4, 5], [1, 11]], 226],
 [[[4, 5], [1, 13]], 167],
 [[[4, 6], [1, 2]], 406],
 [[[4, 6], [1, 3]], 564],
 [[[4, 6], [1, 4]], 508],
 [[[4, 6], [1, 7]], 534],
 [[[4, 6], [1, 8]], 697],
 [[[4, 6], [1, 9]], 286],
 [[[4, 6], [1, 10]], 586],
 [[[4, 6], [1, 11]], 953],
 [[[4, 6], [1, 13]], 689],
 [[[4, 7], [1, 2]], 129],
 [[[4, 7], [1, 4]], 861],
 [[[4, 7], [1, 5]], 368],
 [[[4, 7], [1, 8]], 135],
 [[[4, 7], [1, 9]], 915],
 [[[4, 7], [1, 11]], 695],
 [[[4, 7], [1, 12]], 136],
 [[[4, 7], [1, 13]], 575],
 [[[4, 8], [1, 4]], 3],
 [[[4, 8], [1, 6]], 417],
 [[[4, 8], [1, 9]], 20],
 [[[4, 8], [1, 10]], 548],
 [[[4, 8], [1, 11]], 400],
 [[[4, 8], [1, 12]], 51],
 [[[4, 8], [1, 14]], 933],
 [[[4, 9], [1, 2]], 393],
 [[[4, 9], [1, 5]], 879],
 [[[4, 9], [1, 6]], 121],
 [[[4, 9], [1, 7]], 909],
 [[[4, 9], [1, 10]], 449],
 [[[4, 9], [1, 11]], 984],
 [[[4, 9], [1, 13]], 238],
 [[[4, 9], [1, 14]], 277],
 [[[4, 10], [1, 2]], 971],
 [[[4, 10], [1, 3]], 223],
 [[[4, 10], [1, 4]], 530],
 [[[4, 10], [1, 5]], 12],
 [[[4, 10], [1, 6]], 214],
 [[[4, 10], [1, 7]], 544],
 [[[4, 10], [1, 8]], 69],
 [[[4, 10], [1, 11]], 672],
 [[[4, 10], [1, 12]], 598],
 [[[4, 11], [1, 4]], 25],
 [[[4, 11], [1, 8]], 660],
 [[[4, 12], [1, 2]], 420],
 [[[4, 12], [1, 7]], 308],
 [[[4, 12], [1, 8]], 158],
 [[[4, 12], [1, 9]], 482],
 [[[4, 12], [1, 11]], 804],
 [[[4, 12], [1, 13]], 458],
 [[[4, 12], [1, 14]], 704],
 [[[4, 13], [1, 4]], 169],
 [[[4, 13], [1, 5]], 203],
 [[[4, 13], [1, 6]], 413],
 [[[4, 13], [1, 7]], 918],
 [[[4, 13], [1, 8]], 453],
 [[[4, 13], [1, 9]], 555],
 [[[4, 13], [1, 11]], 744],
 [[[4, 13], [1, 12]], 868],
 [[[4, 13], [1, 14]], 132],
 [[[4, 14], [1, 2]], 709],
 [[[4, 14], [1, 4]], 878],
 [[[4, 14], [1, 5]], 276],
 [[[4, 14], [1, 7]], 471],
 [[[4, 14], [1, 8]], 519],
 [[[4, 14], [1, 10]], 571],
 [[[4, 14], [1, 11]], 924],
 [[[5, 11]], 543]]